197071
836104
642917
613467
307696
252008
352636
567155
985638
286324
981738
31213
911948
866500
922424
688140
413990
990097
306196
150887
223842
606109
956254
676268
344313
665967
193945
730003
380330
58777
190391
331799
735978
91041
370951
878597
932398
89378
226772
46228
670600
715724
628646
523152
419514
614312
278210
643776
796291
61236
555122
977552
279625
641222
733828
979675
404028
250267
632031
911863
940292
904665
682115
507149
608943
444019
138481
626377
737998
663264
33563
759401
18756
554687
186150
378175
16092
977198
1986
940699
301050
381166
320700
112005
108861
153692
255504
941008
653240
816849
990645
769247
615814
959103
226648
358736
810539
83597
29260
370516
883129
194477
733308
657674
534594
660372
332662
51237
962652
695150
398750
482758
568028
17882
310000
24924
392616
325015
875877
358007
26857
87895
403561
51388
67857
89961
66295
48713
735452
799698
538135
526130
819344
723725
199736
985912
711089
577919
681851
282916
181214
713316
928441
862281
931320
408067
909819
518239
289709
787348
175270
868584
907986
172849
832954
390084
942004
16510
765165
849174
767434
446940
40422
136314
336196
67917
920110
586617
350647
108138
120938
906727
458608
306012
103130
962168
98981
177707
689337
188909
201095
580257
520091
516297
873284
976546
972219
329634
153632
415757
247205
970938
260125
754308
518610
550933
720098
575031
220684
159402
164498
778498
557591
31905
429922
523306
115224
537772
759237
456529
816749
661774
254454
337475
924459
459675
177789
246939
116638
546264
287102
121648
920395
807350
570882
240241
235470
286146
809076
845904
466665
582183
522130
947226
441962
503101
344357
99555
967945
915355
52735
147431
202729
358037
306754
226886
585452
670668
804704
75789
744382
858573
143820
911852
495799
864639
874301
108867
125239
485774
996684
169114
347329
952185
861896
75192
115968
993170
966415
790714
823434
8257
257071
806778
961101
484732
676776
467755
359083
365517
120808
847515
766790
348194
636021
813692
227764
144002
895353
893351
212625
442211
240916
363764
953793
417477
260269
44663
273740
402041
833193
751984
28765
420998
291982
563405
45876
535608
448154
563253
675937
330825
939670
865809
472585
60871
895908
783486
273517
444140
630029
46196
572244
293269
75968
651901
39310
657283
985064
925270
445757
654908
482883
802314
969224
546705
126000
547274
78549
927
239390
582681
606920
215378
110011
868941
28585
29378
360209
314419
430210
320988
887146
915174
240851
840765
485599
629059
756786
577645
280653
693171
382729
904368
206744
514536
306965
559440
221025
539227
206694
180129
945240
895213
82365
660231
120772
452320
420890
961766
936666
912219
810586
111371
242810
290315
387283
670876
561340
45764
823107
55218
55572
631897
397093
620934
837548
137167
448785
419692
873416
42880
772803
823293
164611
155701
918679
241537
783145
835647
248343
365929
681007
281648
571465
370252
867284
283678
344981
544371
377848
27410
449139
742507
287622
796898
703366
863351
248415
528805
773634
231528
385713
173531
314111
319434
598121
105977
533841
159459
72113
775711
623944
485943
594596
422986
571508
895654
733864
972495
30272
365551
190495
719231
110382
724435
832558
987386
351257
764700
795099
781253
529456
505409
560817
348521
819636
637731
609672
158326
709955
743975
781048
55734
355390
555402
238581
238696
508197
389115
375174
407105
808587
860570
916373
466438
904303
393223
67709
626915
761752
683888
202939
342302
889530
738157
421773
23737
644040
759664
319626
105937
233225
433034
118183
26384
760050
923182
87229
589501
512845
574361
719085
455161
61586
268482
411042
214704
595724
838696
454703
233320
513065
884025
392911
241852
780376
354255
431687
740293
328754
227739
407437
319882
766068
149081
353611
451490
713444
141141
124025
617839
719767
585819
449470
860155
575684
333329
634379
676692
308330
561631
704104
59543
949001
399604
137006
434821
649305
802625
877147
829846
933484
965181
670687
812047
996500
941376
524146
482424
900780
695320
297201
670851
716488
292097
68077
381857
322904
428542
820385
774741
965091
353805
338529
481846
229703
62907
261564
328799
455497
522574
122307
49453
197345
196030
972626
965644
844854
388954
837599
932851
325018
563771
3773
345082
102305
440845
117498
33901
177364
48535
265079
597533
555865
490570
836397
737664
549972
225773
403965
383712
33978
925965
475295
964794
488671
178820
933581
976087
633687
891509
489536
195816
28734
403327
446531
986371
547027
978621
47491
76606
929022
523928
168005
43714
667638
57769
870392
225690
382720
253930
357182
399448
925945
435578
920753
725235
421570
126154
47336
199313
943734
439947
560707
801155
498645
179492
648015
117729
288450
766600
585074
241094
758246
295254
663414
909697
7610
853521
463617
714404
25477
164058
320268
942578
805933
847626
347811
902835
633017
225972
418967
260930
658319
849507
790344
758160
565829
203428
185087
916729
647730
381663
477254
912901
361977
612850
202046
214786
448001
301486
489573
82402
683482
274775
510189
102379
63341
295396
480113
981506
376606
453870
97644
710388
129743
549448
899443
706423
600707
448881
336967
377210
709863
576452
351265
270240
360077
314586
73584
328563
534054
551047
804217
868628
146966
389217
528826
917048
561212
918104
130332
891273
138301
676148
455506
881567
188080
744903
204310
896937
723468
580101
506633
333769
672404
143346
357943
730629
374847
687451
272491
459194
743222
518448
32008
640310
288096
73021
397824
875133
383140
851504
871784
454977
277537
989160
128893
572559
585850
593784
262669
634387
216481
678211
956866
717255
666500
484093
867039
93165
774205
968510
48671
758465
558762
576464
966661
945087
180567
105071
606130
233946
554093
903407
708659
501685
965106
326173
412418
471145
25713
871728
884040
266877
69007
880572
31218
629040
145925
600083
527399
811434
594166
773093
789870
144621
873506
233911
288955
17415
503362
868580
752580
259371
630681
823259
369189
721813
754118
865431
970835
834668
99289
334277
10337
823558
13280
503112
640125
68154
363845
245469
292342
499585
817966
317827
325868
643685
803965
929402
571903
393944
3227
177094
756925
951457
714985
98968
801709
205889
22130
261580
642663
799480
868927
864379
241331
610321
834808
652107
853468
819419
666777
332743
601405
27472
411335
458519
730017
286932
201147
2006
503052
333501
379033
150154
292822
632588
837018
761941
954157
398488
606972
234498
787998
91252
211394
787710
920903
54682
736147
997413
468710
398463
242972
467735
376826
894185
116850
199149
569779
640092
123931
26106
276978
715430
700010
334345
42318
299719
493002
597317
430243
985065
107230
462177
804145
971141
140169
189619
459207
736473
146020
513284
709741
981494
781634
129598
352830
310319
367670
963340
985922
821191
152943
835477
799811
777148
189441
369263
635402
345454
440354
751604
487678
846154
420345
100042
907104
991143
374951
266718
722412
830736
680056
445933
636979
21635
124354
630291
336072
783050
673467
347022
575448
844249
789635
434122
