Filter №1:
  A: [   1.           -9.6083864    41.74022142 -107.95165392  184.0638359
 -216.18979593  177.14147417  -99.98460139   37.20583981   -8.24252323
    0.82558966]

  B: [   0.90861965   -8.90092338   39.42081072 -103.93676277  180.65905012
 -216.30158857  180.65905012 -103.93676277   39.42081072   -8.90092338
    0.90861965]

Filter №2:
  A: [   1.           -9.00936624   37.27339876  -93.14206008  155.57396443
 -181.41573738  149.55458564  -86.07393037   33.11220999   -7.6939183
    0.82095424]

  B: [   0.90606525   -8.32732283   35.14370894  -89.58062959  152.61778234
 -181.51910752  152.61778234  -89.58062959   35.14370894   -8.32732283
    0.90606525]

Filter №3:
  A: [   1.           -9.00936624   37.27339876  -93.14206008  155.57396443
 -181.41573738  149.55458564  -86.07393037   33.11220999   -7.6939183
    0.82095424]

  B: [   0.90507684   -7.42987507   28.92244795  -69.77513467  115.12406919
 -135.48783293  115.12406919  -69.77513467   28.92244795   -7.42987507
    0.90507684]

Filter №4:
  A: [   1.           -9.00936624   37.27339876  -93.14206008  155.57396443
 -181.41573738  149.55458564  -86.07393037   33.11220999   -7.6939183
    0.82095424]

  B: [  0.90451915  -6.23363437  21.70662001 -48.61981259  76.92033994
 -89.272077    76.92033994 -48.61981259  21.70662001  -6.23363437
   0.90451915]
